316242
316184
316480
316476
316583
316582
316656
316772
316746
316810
317049
317008
317238
317426
317672
317664
317618
317615
317928
318140
318829
318818
318807
318793
318790
318904
318860
318859
319011
318962
318957
319276
319414
319398
319358
319339
319319
319580
319558
319481
319461
319679
319670
319799
319790
319763
319926
319893
319890
319956
319955
320367
320600
320598
320741
320883
321054
321372
321225
321574
321573
321458
321400
321832
321795
321773
321652
322155
322065
322060
322059
322057
322056
321942
321913
322271
322414
322381
322564
322558
322426
322421
322838
322609
323084
322894
323165
323406
323337
323314
323287
323547
323525
323591
323673
323958
323852
323850
324252
324250
324247
324139
324077
324312
324700
324966
325212
325400
325325
325323
325255